A
10.12
10.15
11.495
9.21365
9.3125
10.2135
11.01
10
10.254
10
0
0
0
0
0
0
0
0
0
0
0
0
0
0
0
0
0
0
0
0
0
0
0
0
0
0
0
0
0
0
0
0
9.12
9.98
10.543254
11.46
10.876584
0
0
0
0
0
0
0
0
0
0
0
0
0
0
0
0
0
0
0
0
0
0
0
0
0
0
0
0
0
0
0
0
0
0
0
0
0
0
0
0
0
15.254
15.54
15.78
14.987
15.254
15.54
16.78
15.987
0
0
0
0
0
0
0
0
0
0
0
0
0
0
0
0
0
0
0
0
0
0
0
0
0
0
0
0
0
0
0
0
0
0
0
0
11.54
10.3546
10.8887
10.415552
10.12345
11.54
10.3546
10.415552
10.8887
10.12345
0
0
0
0
0
0
0
0
0
0
0
0
0
0
0
0
0
0
0
0
0
0
0
0
0
0
0
0
10.564
10.46854
10.321
10.545
10.54
10.984
10.35
10
10.254
10